     value      count   proportion

      4.00          1        0.000
      6.00          4        0.000
      8.00         20        0.000
     10.00         50        0.001
     12.00        141        0.001
     14.00        337        0.003
     16.00        663        0.007
     18.00       1235        0.012
     20.00       2032        0.020
     22.00       3182        0.032
     24.00       4578        0.046
     26.00       6041        0.060
     28.00       7717        0.077
     30.00       8920        0.089
     32.00       9585        0.096
     34.00       9782        0.098
     36.00       9812        0.098
     38.00       9106        0.091
     40.00       7827        0.078
     42.00       6416        0.064
     44.00       5165        0.052
     46.00       3658        0.037
     48.00       2456        0.025
     50.00       1092        0.011
  10000.00        180        0.002

sample size ........... =  100000
mean .................. =  51.903
standard deviation .... = 422.509